0 1095885172 129797665
2661548513 1044284418 17872363
3282164642 3678907615 214830258
1440687421 2218635146 325889720
3496994900 4208791298 25912548
3253828209 4136945159 5561683
1797056017 864689597 109403664
3259389892 4186016548 22774750
2578517508 1225682837 83031005
3193832718 3618912124 59995491
3695649169 3214450646 211194594
820325042 974093261 70191157
1284591017 1074888739 20996433
2929761569 3893737873 85668135
1305587450 2605461705 73959171
2168339930 1062156781 12731958
2465234843 2135490203 52666067
3522907448 4108091872 882860
3523790308 4255675252 39292044
2517900910 1308713842 60616598
3563082352 3176039879 38410767
3015429704 3979406008 128685864
1913427402 2131043562 4446641
2235159285 1419841841 190190495
3673886186 4108974732 21762983
891504291 1610032336 393086726
3927815169 3425645240 193266884
4121082053 3002154636 173885243
2084864581 2004107154 83475349
1917874043 557612753 69524983
890516199 2003119062 988092
766355924 2551492587 53969118
1379546621 0 61140800
3187625274 4130737715 6207444
528804063 627137736 237551861
1987399026 230411125 97465555
1906459681 2544524866 6967721
2184647884 1369330440 50511401
2425349780 2091158499 39885063
2181071888 2087582503 3575996
3144115568 4142506842 43509706
1766577141 2188156270 30478876
359533738 61140800 169270325
129797665 327876680 229736073
3906843763 4234703846 20971406
3601493119 2929761569 72393067