1919184105 1156349110 51114849
4031284281 3411510751 25609498
0 171183359 79004094
1253227229 2072782209 122019778
4056893779 3437120249 136289693
3402931364 4156827458 101778985
84557792 1207463959 134801591
635909965 1371746366 266495395
4029464617 4127764171 1819664
4193183472 2857352625 101783824
1375247007 2200355685 41445634
1996492203 0 171183359
3601595563 3699895117 427869054
2218993186 1133540977 22808133
3217192942 2959136449 140385316
2987922009 4258606443 9236491
2628749093 2543337773 86365212
2167675562 369831582 51317624
3504710349 2446452559 96885214
902405360 421149206 108869392
3357578258 2811999519 45353106
1196458443 1638241761 56768786
1178674352 693035436 17784091
1970298954 530018598 26193249
2868723842 3099521765 91954544
1522874936 895259169 18612073
2841599480 4267842934 27124362
1880563756 1695010547 38620349
1011274752 913871242 137918784
219359383 556211847 136823589
1785350971 250187453 95212785
2960678386 4129583835 27243623
540622614 1977494858 95287351
356182972 710819527 184439642
1498443592 345400238 24431344
1416692641 1051790026 81750951
1541487009 1733630896 243863962
79004094 2194801987 5553698
1149193536 1342265550 29480816
2997158500 3191476309 220034442
2715114305 3573409942 126485175
2446452559 2629702985 182296534