2137189745 1335050925 100355790
639139367 2440321747 987829
1663612748 1778059435 153830272
1122754252 1950103191 82536600
1929621334 1199531530 135519395
1286703174 2032639791 207137687
245313533 981575774 217955756
2597564380 2824691125 293777778
895004176 331442633 25226735
1493840861 236388681 616173
1494457034 764560381 107637728
1817443020 1435406715 112178314
1205290852 356669368 33552643
474799702 0 164339665
2341054397 2260378974 100255179
1043066658 2360634153 79687594
125852143 390222011 119461390
3924383937 3130691909 13614218
2467721984 3747288823 76649669
2065140729 164339665 72049016
920230911 1673437172 104622263
640127196 509683401 254876980
1024853174 1931889707 18213484
2331983314 2251307891 9071083
2237545535 237004854 94437779
3912160931 3118468903 12223006
1238843495 933716095 47859679
3326002417 3517222025 230066798
3556069215 3144306127 241363224
3797432439 4180238804 114728492
1602094762 872198109 61517986
2544371653 4127046077 53192727
2891342158 3823938492 303107585
463269289 2239777478 11530413
3194449743 3385669351 131552674
3937998155 2467721984 356969141
0 1547585029 125852143