1633669237 1273301814 72865265
2398515176 2671190790 99210785
2397916384 3018946373 598792
4034325916 3061716397 20017393
3298612516 3793795301 14249501
4030007411 3051046904 2833129
1906984482 224872691 14620134
864506893 1590633724 149044542
1029530319 442871336 36727018
1921604616 770934113 68546178
3560536321 3114405501 28822192
1019762634 1263534129 9767685
3852235341 3579014714 60339892
2385228698 1577946038 12687686
2234322470 239492825 150906228
0 170310676 54562015
3208946111 3808044802 89666405
1209615399 839480291 424053838
4032840540 4041982568 1485376
2497725961 2174737461 293042810
2002543511 1346167079 231778959
3312862017 3475611771 103402943
318739997 1739678266 354749094
1013551435 3012735174 6211199
4014277153 4160859076 15730258
3589358513 3143227693 230682158
1990150794 2467780271 12392717
3051046904 3081733790 32671711
3820040671 3761600631 32194670
148429321 0 170310676
673489091 2480172988 191017802
1066257337 627576051 143358062
2790768771 2770401575 242333599
3091554979 4043467944 117391132
3416264960 3897711207 144271361
3912575233 3373909851 101701920
4072291714 3639354606 104297620
3083718615 3053880033 7836364
54562015 3019545165 13557205
1759006785 479598354 147977697
68119220 2094427360 80310101
1706534502 390399053 52472283
4054343309 3743652226 17948405