2687600833 2313887435 187105587
3281196981 2291603041 22284394
1771250828 1899269239 314167725
784031720 478456148 306959384
2605226464 1771250828 58348072
2085418553 3793564740 111907603
1090991104 785415532 575136195
3437652344 1829598900 69670339
2874706420 2500993022 389039942
3303481375 3905472343 134170969
305575572 0 478456148
3263746362 2890032964 17450619
2527060387 2213436964 78166077
2428623843 3695128196 98436544
2663574536 4270940999 24026297
3507322683 2907483583 787644613
2197326156 4039643312 231297687
0 1360551727 305575572