2375927917 1595026882 126334140
1307603095 818620477 43777869
2050676589 1855896418 112224406
3618302244 2909504698 119958941
3078570200 3088215627 6211083
3084781283 3094426710 141266337
524666822 53020621 149058240
673725062 862398346 147671362
2364320682 2577001713 11607235
1941578413 1584221500 10805382
2162900995 2536766467 40235246
162015400 237365123 4480592
821396424 241845715 141336168
166495992 1138498800 212882164
4277433486 4220367555 17533810
3226047620 2229635217 307131250
2909428734 1968120824 34606070
1885573816 3954749082 56004597
2711875933 2868267590 41237108
0 726306378 92314099
2944034804 1721361022 134535396
1584221500 3392008740 301352316
962732592 34415039 18605582
2235705153 2101019688 128615529
4252936467 4237901365 24497019
92314099 202078861 35286262
981338174 400041457 326264921
379378156 1010069708 128429092
3591930858 3693361056 26371386
3785017329 3719732442 235016640
2502262057 4010753679 209613876
3533178870 3029463639 58751988
3738261185 2821511446 46756144
4020033969 2806534555 14976891
1952383795 2002726894 98292794
127600361 0 34415039
2753113041 3235693047 156315693
507807248 383181883 16859574
2203136241 4262398384 32568912
4035010860 2588608948 217925607